run                 SM clock (MHz) every 0.2 s from the first busy sample after the run starts
v0_baseline      1  2520 2520 2520 2730 2730 2595 2595 2595 2580 2580
v1_tiles         1  2520 2520 2745 2745 2745 2730 2730 2715 2715 2715
v2_autotune      1  2520 2520 2520 2520 2520 2745 2745 2745 2745 2745
v3_causal_skip   1  2520 2520 2520 2520 2520 2745 2745 2745 2730 2730
v4_exp2          1  2520 2520 2745 2745 2745 2730 2730 2730 2730 2730
v5_final         1  2520 2520 2520 2520 2520 2730 2730 2730 2730 2730
v0_baseline      2  2520 2520 2730 2730 2730 2730 2730 2565 2565 2565
v1_tiles         2  2520 2520 2520 2730 2730 2730 2730 2730 2715 2715
v2_autotune      2  2520 2520 2520 2745 2745 2745 2745 2745 2730 2730
v3_causal_skip   2  2520 2520 2730 2730 2730 2730 2730 2640 2640 2640
v4_exp2          2  2520 2520 2745 2745 2745 2730 2730 2730 2730 2730
v5_final         2  2520 2520 2520 2745 2745 2745 2745 2745 2745 2745
v0_baseline      3  2520 2520 2520 2520 2520 2730 2730 2715 2715 2715
v1_tiles         3  2520 2520 2520 2730 2730 2730 2730 2730 2700 2700
v2_autotune      3  2520 2520 2520 2745 2745 2745 2745 2745 2730 2730
v3_causal_skip   3  2520 2520 2745 2745 2745 2730 2730 2625 2625 2625
v4_exp2          3  2520 2520 2745 2745 2745 2730 2730 2730 2730 2730
v5_final         3  2520 2520 2520 2730 2730 2730 2730 2730 2730 2730
v0_baseline      4  2520 2520 2520 2730 2730 2640 2640 2640 2640 2640
v1_tiles         4  2520 2520 2520 2745 2745 2730 2730 2730 2625 2625
v2_autotune      4  2745 2745 2730 2730 2730 2730 2730 2730 2730 2730
v3_causal_skip   4  2520 2520 2745 2745 2745 2745 2745 2715 2715 2715
v4_exp2          4  2520 2520 2520 2730 2730 2730 2730 2730 2715 2715
v5_final         4  2520 2520 2520 2730 2730 2730 2730 2730 2730 2730
v0_baseline      5  2520 2520 2520 2730 2730 2715 2715 2715 2655 2655
v1_tiles         5  2520 2520 2520 2745 2745 2730 2730 2730 2730 2730
v2_autotune      5  2520 2520 2520 2745 2745 2730 2730 2730 2730 2730
v3_causal_skip   5  2520 2520 2520 2730 2730 2730 2730 2730 2640 2640
v4_exp2          5  2520 2520 2520 2745 2745 2730 2730 2730 2655 2655
v5_final         5  2520 2520 2520 2745 2745 2730 2730 2730 2730 2730
v0_baseline      6  2520 2520 2520 2730 2730 2625 2625 2625 2565 2565
v1_tiles         6  2520 2520 2520 2745 2745 2730 2730 2730 2715 2715
v2_autotune      6  2520 2520 2520 2745 2745 2730 2730 2730 2730 2730
v3_causal_skip   6  2520 2520 2520 2745 2745 2730 2730 2730 2595 2595
v4_exp2          6  2520 2520 2520 2745 2745 2730 2730 2730 2730 2730
v5_final         6  2520 2520 2730 2730 2730 2730 2730 2730 2730 2730
v0_baseline      7  2520 2520 2520 2745 2745 2730 2730 2730 2715 2715
v1_tiles         7  2520 2520 2520 2730 2730 2730 2730 2730 2685 2685
v2_autotune      7  2520 2520 2520 2730 2730 2730 2730 2730 2730 2730
v3_causal_skip   7  2520 2520 2520 2745 2745 2730 2730 2730 2670 2670
v4_exp2          7  2520 2520 2520 2745 2745 2730 2730 2730 2730 2730
v5_final         7  2520 2520 2745 2745 2745 2745 2745 2730 2730 2730
v0_baseline      8  2520 2520 2520 2730 2730 2730 2730 2730 2715 2715
v1_tiles         8  2520 2520 2520 2730 2730 2730 2730 2730 2715 2715
v2_autotune      8  2520 2520 2520 2730 2730 2730 2730 2730 2730 2730
v3_causal_skip   8  2520 2520 2520 2745 2745 2730 2730 2730 2640 2640
v4_exp2          8  2520 2520 2520 2745 2745 2730 2730 2730 2730 2730
v5_final         8  2520 2520 2730 2730 2730 2730 2730 2730 2730 2730
v0_baseline      9  2520 2520 2520 2745 2745 2730 2730 2730 2715 2715
v1_tiles         9  2520 2520 2520 2730 2730 2730 2730 2730 2715 2715
v2_autotune      9  2520 2520 2520 2730 2730 2730 2730 2730 2730 2730
v3_causal_skip   9  2520 2520 2520 2745 2745 2730 2730 2730 2625 2625
v4_exp2          9  2520 2520 2520 2745 2745 2730 2730 2730 2730 2730
v5_final         9  2520 2520 2520 2745 2745 2745 2745 2745 2730 2730
v0_baseline     10  2745 2745 2745 2730 2730 2595 2595 2595 2700 2700
v1_tiles        10  2520 2520 2520 2745 2745 2730 2730 2730 2625 2625
v2_autotune     10  2520 2520 2730 2730 2730 2730 2730 2730 2730 2730
v3_causal_skip  10  2520 2520 2730 2730 2730 2715 2715 2685 2685 2685
v4_exp2         10  2520 2520 2520 2745 2745 2730 2730 2730 2715 2715
v5_final        10  2520 2520 2520 2745 2745 2730 2730 2730 2730 2730

runs that start at 2,520 MHz: 58 of 60
samples at 2,520 MHz before the clock rises: median 3.0, min 2, max 5 (x 0.2 s)
